Scott-Hendricksons-MacBook-Pro ~/IdeaProjects/2011-08-24_Quake/fit> cat data.csv | ~/IdeaProjects/Social-Activity-Pulse-Function/src/fit.py 

#  A=29801.190579
#  alpha=947.985672
#  beta=38.169891
#  tOffset=39316.744548
#  TPeak=39316.747978,    FPeak=25132.046832
#  TAvgT=39316.771761,    FAvg=10547.011978
#  Norm=750.531707
#  T1/2life=39316.767172, F1/2Life=12566.023417


39316.72083,5.0,39316.72083,0.0
39316.72153,5.0,39316.72153,0.0
39316.72222,1.0,39316.72222,0.0
39316.72292,8.0,39316.72292,0.0
39316.72361,5.0,39316.72361,0.0
39316.72431,8.0,39316.72431,0.0
39316.725,6.0,39316.725,0.0
39316.72569,9.0,39316.72569,0.0
39316.72639,5.0,39316.72639,0.0
39316.72708,14.0,39316.72708,0.0
39316.72778,4.0,39316.72778,0.0
39316.72847,7.0,39316.72847,0.0
39316.72917,5.0,39316.72917,0.0
39316.72986,7.0,39316.72986,0.0
39316.73056,1.0,39316.73056,0.0
39316.73125,6.0,39316.73125,0.0
39316.73194,7.0,39316.73194,0.0
39316.73264,6.0,39316.73264,0.0
39316.73333,7.0,39316.73333,0.0
39316.73403,5.0,39316.73403,0.0
39316.73472,6.0,39316.73472,0.0
39316.73542,3.0,39316.73542,0.0
39316.73611,9.0,39316.73611,0.0
39316.73681,4.0,39316.73681,0.0
39316.7375,4.0,39316.7375,0.0
39316.73819,4.0,39316.73819,0.0
39316.73889,2.0,39316.73889,0.0
39316.73958,6.0,39316.73958,0.0
39316.74028,3.0,39316.74028,0.0
39316.74097,3.0,39316.74097,0.0
39316.74167,2.0,39316.74167,0.0
39316.74236,6.0,39316.74236,0.0
39316.74306,4.0,39316.74306,0.0
39316.74375,124.0,39316.74375,0.0
39316.74444,4287.0,39316.74444,0.0
39316.74514,12530.0,39316.74514,12513.060242417409
39316.74583,19338.0,39316.74583,19960.647973370014
39316.74653,23748.0,39316.74653,23409.176291597934
39316.74722,25173.0,39316.74722,24774.332554013403
39316.74792,25034.0,39316.74792,25130.413182909899
39316.74861,24804.0,39316.74861,24978.32445252395
39316.74931,24447.0,39316.74931,24576.033561845772
39316.75,23869.0,39316.75,24064.464361530372
39316.75069,23553.0,39316.75069,23503.382712778519
39316.75139,22900.0,39316.75139,22916.663635521501
39316.75208,22329.0,39316.75208,22337.342372263731
39316.75278,21771.0,39316.75278,21756.782079851768
39316.75347,21351.0,39316.75347,21195.403182021146
39316.75417,20805.0,39316.75417,20638.708024740678
39316.75486,20110.0,39316.75486,20103.292180078908
39316.75556,19413.0,39316.75556,19573.805672967675

