Scott-Hendricksons-MacBook-Pro ~/IdeaProjects/PulseGallery/jobsResign_2011-08-24> cat jobs_apple_resign_steve.csv | cut  -d, -f2,3 | ~/IdeaProjects/Social-Activity-Pulse-Function/src/fit.py 

#  A=4691.585921
#  alpha=316.657989
#  beta=34.758391
#  tOffset=39317.941733
#  TPeak=39317.949039,    FPeak=3279.435020
#  TAvgT=39317.973349,    FAvg=1563.327189
#  Norm=121.626569
#  T1/2life=39317.971975, F1/2Life=1639.717510


39317.905555556,1.0,39317.905555556,0.0
39317.909722222,1.0,39317.909722222,0.0
39317.911805556,1.0,39317.911805556,0.0
39317.9125,1.0,39317.9125,0.0
39317.915277778,4.0,39317.915277778,0.0
39317.915972222,1.0,39317.915972222,0.0
39317.917361111,1.0,39317.917361111,0.0
39317.91875,1.0,39317.91875,0.0
39317.919444444,1.0,39317.919444444,0.0
39317.920833333,1.0,39317.920833333,0.0
39317.921527778,2.0,39317.921527778,0.0
39317.922222222,2.0,39317.922222222,0.0
39317.922916667,1.0,39317.922916667,0.0
39317.924305556,3.0,39317.924305556,0.0
39317.925,2.0,39317.925,0.0
39317.925694444,5.0,39317.925694444,0.0
39317.926388889,3.0,39317.926388889,0.0
39317.927083333,1.0,39317.927083333,0.0
39317.927777778,2.0,39317.927777778,0.0
39317.928472222,1.0,39317.928472222,0.0
39317.929861111,1.0,39317.929861111,0.0
39317.930555556,1.0,39317.930555556,0.0
39317.93125,1.0,39317.93125,0.0
39317.932638889,2.0,39317.932638889,0.0
39317.935416667,1.0,39317.935416667,0.0
39317.936111111,1.0,39317.936111111,0.0
39317.936805556,1.0,39317.936805556,0.0
39317.938194444,2.0,39317.938194444,0.0
39317.939583333,1.0,39317.939583333,0.0
39317.940277778,17.0,39317.940277778,0.0
39317.940972222,70.0,39317.940972222,0.0
39317.941666667,441.0,39317.941666667,0.0
39317.942361111,940.0,39317.942361111,827.96640208265239
39317.943055556,1547.0,39317.943055556,1533.1938172393452
39317.94375,1921.0,39317.94375,2064.6136790180822
39317.944444444,2286.0,39317.944444444,2460.3667813184961
39317.945138889,2765.0,39317.945138889,2750.3222306957573
39317.945833333,2873.0,39317.945833333,2957.8683974397463
39317.946527778,3156.0,39317.946527778,3101.3189189428417
39317.947222222,3375.0,39317.947222222,3195.0096698138632
39317.947916667,3500.0,39317.947916667,3250.1619120574228
39317.948611111,3282.0,39317.948611111,3275.5560015420665
39317.949305556,3205.0,39317.949305556,3278.0607989209966
39317.95,3265.0,39317.95,3263.0475536872227
39317.950694444,3167.0,39317.950694444,3234.7145361416269
39317.951388889,3322.0,39317.951388889,3196.3411805637393
39317.952083333,3181.0,39317.952083333,3150.4875186120757
39317.952777778,3062.0,39317.952777778,3099.1498106421855
39317.953472222,2939.0,39317.953472222,3043.8833081007569
39317.954166667,3104.0,39317.954166667,2985.897443576057
39317.954861111,2907.0,39317.954861111,2926.1314884081298
39317.955555556,2753.0,39317.955555556,2865.3126668485347
39317.95625,2813.0,39317.95625,2804.0028815696992
39317.956944444,2748.0,39317.956944444,2742.6341760779942
39317.957638889,2737.0,39317.957638889,2681.5372468382288
39317.958333333,2525.0,39317.958333333,2620.9638415609284
39317.959027778,2517.0,39317.959027778,2561.103478621329
39317.959722222,2288.0,39317.959722222,2502.0977182093461
39317.960416667,2288.0,39317.960416667,2444.0501080688095
39317.961111111,2701.0,39317.961111111,2387.0351866970855
39317.961805556,2594.0,39317.961805556,2331.1043337427941
39317.9625,2460.0,39317.9625,2276.2915312706227
39317.963194444,2289.0,39317.963194444,2222.6167905100233
39317.963888889,2278.0,39317.963888889,2170.0895241098606
39317.964583333,2109.0,39317.964583333,2118.7112135880193
39317.965277778,1936.0,39317.965277778,2068.4767955537172
39317.965972222,1835.0,39317.965972222,2019.3767469242043
39317.966666667,1849.0,39317.966666667,1971.3976755982023
39317.967361111,1712.0,39317.967361111,1924.5237963030156
39317.968055556,1762.0,39317.968055556,1878.7370884335558
39317.96875,1737.0,39317.96875,1834.0183911498734
39317.969444444,1919.0,39317.969444444,1790.34736821565
39317.970138889,1817.0,39317.970138889,1747.7030469195254
39317.970833333,1665.0,39317.970833333,1706.064254503035
39317.971527778,1611.0,39317.971527778,1665.409391695574
39317.972222222,1520.0,39317.972222222,1625.717067641009
39317.972916667,1529.0,39317.972916667,1586.9657490903589
39317.973611111,1642.0,39317.973611111,1549.1343065209292
39317.974305556,1599.0,39317.974305556,1512.2016367130127
39317.975,1545.0,39317.975,1476.14714820003
39317.975694444,1477.0,39317.975694444,1440.9504225345995
39317.976388889,1426.0,39317.976388889,1406.5914077816542
39317.977083333,1400.0,39317.977083333,1373.050578278084
39317.977777778,1320.0,39317.977777778,1340.3086035172744
39317.978472222,1236.0,39317.978472222,1308.3467428559532
39317.979166667,1262.0,39317.979166667,1277.1464715265149
39317.979861111,1095.0,39317.979861111,1246.6898487684698
39317.980555556,1139.0,39317.980555556,1216.9591578291995
39317.98125,1117.0,39317.98125,1187.9372528279819
39317.981944444,1175.0,39317.981944444,1159.6072516309803
39317.982638889,1152.0,39317.982638889,1131.9526646433801
39317.983333333,1015.0,39317.983333333,1104.9575019723429
39317.984027778,1095.0,39317.984027778,1078.6059914925602
39317.984722222,966.0,39317.984722222,1052.8828821238378
39317.985416667,941.0,39317.985416667,1027.773132740499
39317.986111111,980.0,39317.986111111,1003.262201816113
39317.986805556,1042.0,39317.986805556,979.33575037640549
39317.9875,962.0,39317.9875,955.97991629410774
39317.988194444,949.0,39317.988194444,933.18106450259086
39317.988888889,907.0,39317.988888889,910.925885228379
39317.989583333,930.0,39317.989583333,889.20148029784411
39317.990277778,879.0,39317.990277778,867.99513319951143
39317.990972222,886.0,39317.990972222,847.29455173258236
39317.991666667,794.0,39317.991666667,827.0876173892766
39317.992361111,832.0,39317.992361111,807.36261646326307
39317.993055556,886.0,39317.993055556,788.10800036007367
39317.99375,917.0,39317.99375,769.31260681095148
39317.994444444,770.0,39317.994444444,750.96545760190429
39317.995138889,834.0,39317.995138889,733.05583750127983
39317.995833333,856.0,39317.995833333,715.57336345272938
39317.996527778,910.0,39317.996527778,698.507799330598
39317.997222222,782.0,39317.997222222,681.84925104825709
39317.997916667,771.0,39317.997916667,665.58796475075155
39317.998611111,698.0,39317.998611111,649.71451269814008
39317.999305556,345.0,39317.999305556,634.21960030105606

