THIS IS NOT pulse, this spread on the internet, see growth near t=0


Skipping text values (ts,count)

#  A=46438.892743
#  alpha=0.001379
#  beta=0.000464
#  tOffset=1317879622.069790
#  TPeak=1317880622.480168,    FPeak=21848.396913
#  TAvgT=1317882320.630005,    FAvg=12960.591952
#  Norm=74915927.885658
#  T1/2life=1317882711.305375, F1/2Life=10924.198457


1317879159.0,318.0,1317879159.0,0.0
1317879180.0,826.0,1317879180.0,0.0
1317879240.0,831.0,1317879240.0,0.0
1317879300.0,838.0,1317879300.0,0.0
1317879360.0,804.0,1317879360.0,0.0
1317879420.0,1263.0,1317879420.0,0.0
1317879480.0,2103.0,1317879480.0,0.0
1317879540.0,2843.0,1317879540.0,0.0
1317879600.0,3694.0,1317879600.0,0.0
1317879660.0,4794.0,1317879660.0,2325.12852581264
1317879720.0,6180.0,1317879720.0,5605.4023291791673
1317879780.0,7493.0,1317879780.0,8445.6131780759679
1317879840.0,8898.0,1317879840.0,10894.477366159279
1317879900.0,10938.0,1317879900.0,12995.539150278033
1317879960.0,13650.0,1317879960.0,14787.714111980438
1317880020.0,15931.0,1317880020.0,16305.775589994371
1317880080.0,17635.0,1317880080.0,17580.790144000512
1317880140.0,18888.0,1317880140.0,18640.507386104025
1317880200.0,19640.0,1317880200.0,19509.70895780377
1317880260.0,20146.0,1317880260.0,20210.520930122577
1317880320.0,20987.0,1317880320.0,20762.693456777004
1317880380.0,22532.0,1317880380.0,21183.851109351366
1317880440.0,22447.0,1317880440.0,21489.716964491803
1317880500.0,22659.0,1317880500.0,21694.313191760015
1317880560.0,22379.0,1317880560.0,21810.140603049596
1317880620.0,22875.0,1317880620.0,21848.339366849876
1317880680.0,22644.0,1317880680.0,21818.832859990136
1317880740.0,22803.0,1317880740.0,21730.456422988671
1317880800.0,22097.0,1317880800.0,21591.072600238644
1317880860.0,21514.0,1317880860.0,21407.67428072419
1317880920.0,21614.0,1317880920.0,21186.477006749701
1317880980.0,20799.0,1317880980.0,20933.001585468312
1317881040.0,20867.0,1317881040.0,20652.148019189495
1317881100.0,20858.0,1317881100.0,20348.261664075671
1317881160.0,19866.0,1317881160.0,20025.19243160218
1317881220.0,19540.0,1317881220.0,19686.34776188865
1317881280.0,19307.0,1317881280.0,19334.740021669062
1317881340.0,17929.0,1317881340.0,18973.028911318375
1317881400.0,14273.0,1317881400.0,18603.559404158841
1317881460.0,16916.0,1317881460.0,18228.395686480784
1317881520.0,17222.0,1317881520.0,17849.351517658972
1317881580.0,16588.0,1317881580.0,17468.017385827778
1317881640.0,15937.0,1317881640.0,17085.784795257496
1317881700.0,16539.0,1317881700.0,16703.867986369864
1317881760.0,16216.0,1317881760.0,16323.323357811836
1317881820.0,15698.0,1317881820.0,15945.066831787371
1317881880.0,15244.0,1317881880.0,15569.88937858198
1317881940.0,15422.0,1317881940.0,15198.470893594684
1317882000.0,14968.0,1317882000.0,14831.392599940229
1317882060.0,14681.0,1317882060.0,14469.148131552782
1317882120.0,14592.0,1317882120.0,14112.153435488985
1317882180.0,14464.0,1317882180.0,13760.755617594625
1317882240.0,13993.0,1317882240.0,13415.240842687153
1317882300.0,13574.0,1317882300.0,13075.841388756677
1317882360.0,13118.0,1317882360.0,12742.741944258334
1317882420.0,12785.0,1317882420.0,12416.085228231103
1317882480.0,12910.0,1317882480.0,12095.977004618415
1317882540.0,12713.0,1317882540.0,11782.490554681201
