Skipping text values (ts,count)

#  A=118426.345528
#  alpha=0.001004
#  beta=0.000472
#  tOffset=1317879491.856767
#  TPeak=1317880628.051518,    FPeak=47142.033633
#  TAvgT=1317882289.803737,    FAvg=29736.800672
#  Norm=170810132.053587
#  T1/2life=1317882839.375793, F1/2Life=23571.016816


1317879160.0,84.0,1317879160.0,0.0
1317879180.0,233.0,1317879180.0,0.0
1317879240.0,216.0,1317879240.0,0.0
1317879300.0,310.0,1317879300.0,0.0
1317879360.0,948.0,1317879360.0,0.0
1317879420.0,3907.0,1317879420.0,0.0
1317879480.0,7426.0,1317879480.0,0.0
1317879540.0,9699.0,1317879540.0,5460.9220377730117
1317879600.0,12509.0,1317879600.0,11575.338217699205
1317879660.0,15799.0,1317879660.0,16988.244998496535
1317879720.0,19662.0,1317879720.0,21764.192208108776
1317879780.0,23323.0,1317879780.0,25962.118391479806
1317879840.0,26624.0,1317879840.0,29635.830162282677
1317879900.0,30410.0,1317879900.0,32834.440834703033
1317879960.0,34799.0,1317879960.0,35602.771788006539
1317880020.0,37940.0,1317880020.0,37981.719724032053
1317880080.0,40518.0,1317880080.0,40008.592709954122
1317880140.0,42501.0,1317880140.0,41717.417653549106
1317880200.0,44088.0,1317880200.0,43139.221633856978
1317880260.0,45161.0,1317880260.0,44302.289304796053
1317880320.0,46293.0,1317880320.0,45232.398401350561
1317880380.0,47562.0,1317880380.0,45953.035205936671
1317880440.0,47425.0,1317880440.0,46485.591675113268
1317880500.0,47003.0,1317880500.0,46849.545782703164
1317880560.0,47852.0,1317880560.0,47062.626503500142
1317880620.0,50741.0,1317880620.0,47140.964741021868
1317880680.0,49818.0,1317880680.0,47099.231392281064
1317880740.0,49160.0,1317880740.0,46950.763641422411
1317880800.0,47587.0,1317880800.0,46707.680481515636
1317880860.0,46237.0,1317880860.0,46380.988379081326
1317880920.0,46099.0,1317880920.0,45980.677918390262
1317880980.0,45186.0,1317880980.0,45515.81219161109
1317881040.0,44649.0,1317881040.0,44994.607635929337
1317881100.0,45211.0,1317881100.0,44424.507959312141
1317881160.0,43476.0,1317881160.0,43812.251742182627
1317881220.0,42205.0,1317881220.0,43163.934252468098
1317881280.0,41723.0,1317881280.0,42485.063965906716
1317881340.0,39338.0,1317881340.0,41780.614241780269
1317881400.0,31417.0,1317881400.0,41055.070566059308
1317881460.0,38041.0,1317881460.0,40312.473739001143
1317881520.0,38864.0,1317881520.0,39556.459352257079
1317881580.0,38218.0,1317881580.0,38790.293871272399
1317881640.0,35823.0,1317881640.0,38016.907611969895
1317881700.0,37385.0,1317881700.0,37238.924876186713
1317881760.0,36105.0,1317881760.0,36458.691487891461
1317881820.0,35461.0,1317881820.0,35678.299951667599
1317881880.0,35139.0,1317881880.0,34899.612436150135
1317881940.0,35027.0,1317881940.0,34124.281767896435
1317882000.0,33977.0,1317882000.0,33353.770605425168
1317882060.0,33384.0,1317882060.0,32589.368948744621
1317882120.0,33250.0,1317882120.0,31832.210126501894
1317882180.0,33198.0,1317882180.0,31083.28539081183
1317882240.0,32321.0,1317882240.0,30343.457238776569
1317882300.0,31211.0,1317882300.0,29613.471569594589
1317882360.0,30471.0,1317882360.0,28893.968776904134
1317882420.0,29942.0,1317882420.0,28185.493867536436
1317882480.0,29437.0,1317882480.0,27488.505690103
1317882540.0,28817.0,1317882540.0,26803.385349747343
1317882600.0,19677.0,1317882600.0,26130.443878899783
